100
150
0 26 44
1 57 12
1 60 41
1 93 46
2 46 3
2 70 31
2 95 15
3 25 11
3 59 4
4 55 9
4 97 8
5 90 21
6 10 12
7 32 31
7 53 13
8 39 36
8 42 3
8 99 27
9 17 30
11 26 23
13 75 25
16 0 43
16 80 40
18 7 5
18 14 38
18 33 14
18 43 16
20 14 46
20 75 24
20 92 1
20 97 23
21 55 26
21 66 18
21 78 27
22 10 8
22 74 45
22 80 36
23 11 24
23 79 3
25 15 36
25 46 40
25 69 20
26 16 7
26 23 19
27 52 35
28 97 33
30 94 22
31 48 38
32 41 19
32 58 23
34 92 9
35 23 27
35 37 27
35 89 37
37 18 42
37 40 35
38 77 24
39 46 30
39 61 10
39 87 11
40 23 39
40 39 25
40 61 37
43 65 31
43 83 13
44 22 9
44 35 39
45 39 6
45 51 23
45 88 43
46 42 1
47 19 25
47 37 7
47 60 21
48 68 37
48 74 40
49 38 35
51 4 10
52 13 21
53 21 41
53 38 37
53 46 25
56 16 28
56 79 28
58 62 15
58 79 32
59 36 19
59 44 31
60 51 46
61 36 25
61 60 25
61 89 11
62 33 39
62 34 39
63 42 17
63 43 48
64 46 20
64 82 32
65 45 17
65 70 27
66 18 2
66 85 21
67 21 20
67 32 32
69 11 19
69 13 10
70 99 31
71 90 2
73 31 8
75 0 43
75 84 40
76 44 29
76 68 16
76 86 19
78 46 3
79 32 9
79 70 26
80 19 1
81 4 31
82 44 35
83 6 36
83 23 18
83 53 16
83 67 31
85 35 3
86 45 16
86 80 32
88 10 18
88 25 10
88 57 47
88 93 19
88 94 19
90 22 32
90 43 39
91 37 31
92 85 34
92 88 42
93 53 39
93 72 48
94 45 8
94 52 2
95 99 49
96 31 9
98 49 20
98 88 19
99 27 35
99 31 46
99 59 22
99 74 40
99 81 19