0:(55,2) 
1:(6,3) (63,2) 
2:(52,2) (26,1) 
3:(85,1) (59,1) 
4:(38,2) 
5:(79,2) (93,1) (24,1) 
6:(1,3) (39,2) (14,2) 
7:(64,2) (24,2) 
8:(70,2) (42,2) 
9:(16,3) (24,2) 
10:(42,1) 
11:(47,6) (82,1) (64,1) (63,1) 
12:(25,3) (39,1) 
13:(66,1) (48,1) 
14:(6,2) 
15:(57,1) 
16:(9,3) 
17:(40,3) 
18:(37,3) (91,1) 
19:(95,1) (71,1) 
20:(80,2) 
21:(30,2) 
22:(72,7) (24,3) 
23:(94,4) (78,1) 
24:(61,3) (22,3) (9,2) (7,2) (5,1) 
25:(76,3) (12,3) 
26:(91,1) (90,1) (2,1) 
27:(33,2) (29,1) 
28:(34,3) 
29:(30,3) (27,1) 
30:(81,3) (29,3) (79,2) (21,2) (66,1) 
31:(55,3) 
32:(92,2) (80,2) (60,2) (41,2) (86,1) 
33:(27,2) (35,1) 
34:(28,3) (79,2) (74,2) (51,2) 
35:(62,2) (33,1) 
36:(87,4) 
37:(18,3) 
38:(57,2) (4,2) (89,1) (69,1) 
39:(6,2) (54,1) (12,1) 
40:(58,3) (17,3) (67,2) 
41:(32,2) 
42:(78,3) (8,2) (91,1) (88,1) (10,1) 
43:(83,2) (44,1) 
44:(43,1) 
45:(92,2) (73,2) 
46:(86,2) (83,1) 
47:(11,6) 
48:(98,4) (77,4) (96,2) (13,1) 
49:(84,2) (56,1) 
50:(62,2) 
51:(34,2) 
52:(2,2) 
53:(59,2) (97,1) 
54:(39,1) 
55:(31,3) (70,2) (0,2) 
56:(59,1) (49,1) 
57:(38,2) (15,1) 
58:(40,3) (79,1) 
59:(53,2) (56,1) (3,1) 
60:(32,2) 
61:(24,3) 
62:(50,2) (35,2) 
63:(1,2) (11,1) 
64:(7,2) (95,1) (11,1) 
65:(87,2) (86,1) 
66:(30,1) (13,1) 
67:(40,2) 
68:(77,5) 
69:(80,2) (38,1) 
70:(80,2) (55,2) (8,2) 
71:(19,1) 
72:(22,7) 
73:(45,2) 
74:(34,2) 
75:(95,2) (80,2) 
76:(25,3) 
77:(68,5) (48,4) 
78:(42,3) (23,1) 
79:(34,2) (30,2) (5,2) (58,1) 
80:(75,2) (70,2) (69,2) (32,2) (20,2) 
81:(30,3) 
82:(11,1) 
83:(43,2) (46,1) 
84:(49,2) 
85:(87,2) (3,1) 
86:(46,2) (65,1) (32,1) 
87:(36,4) (85,2) (65,2) 
88:(42,1) 
89:(38,1) 
90:(26,1) 
91:(42,1) (26,1) (18,1) 
92:(45,2) (32,2) 
93:(5,1) 
94:(23,4) 
95:(75,2) (64,1) (19,1) 
96:(48,2) 
97:(99,2) (53,1) 
98:(48,4) 
99:(97,2) 
