100
4000
0 2 100
0 3 61
0 5 79
0 7 33
0 8 32
0 10 73
0 11 12
0 12 97
0 13 13
0 15 9
0 17 47
0 18 72
0 19 38
0 24 97
0 26 4
0 28 54
0 30 3
0 36 97
0 40 24
0 46 39
0 48 90
0 51 26
0 58 56
0 59 92
0 61 49
0 62 66
0 63 73
0 64 6
0 65 59
0 68 75
0 72 41
0 78 56
0 84 25
0 85 27
0 87 18
0 88 57
0 89 12
0 91 92
0 92 70
0 94 19
0 96 56
0 98 97
0 99 29
1 4 10
1 10 96
1 13 71
1 15 93
1 23 91
1 24 54
1 26 53
1 27 23
1 28 54
1 29 20
1 30 39
1 32 9
1 33 94
1 37 99
1 41 68
1 44 9
1 49 12
1 51 100
1 52 52
1 54 22
1 56 52
1 57 29
1 58 83
1 60 51
1 62 3
1 63 2
1 64 100
1 65 65
1 69 82
1 71 68
1 73 56
1 80 29
1 81 45
1 83 23
1 86 49
1 87 24
1 90 77
1 92 39
1 93 43
1 94 47
1 96 87
1 98 6
2 7 30
2 8 96
2 11 29
2 13 13
2 16 47
2 18 24
2 22 58
2 23 59
2 27 95
2 28 26
2 29 27
2 30 31
2 31 48
2 33 95
2 34 80
2 35 52
2 39 89
2 40 64
2 43 21
2 44 75
2 46 15
2 48 57
2 51 42
2 52 2
2 57 16
2 62 68
2 66 55
2 69 15
2 70 19
2 71 8
2 77 94
2 84 73
2 86 53
2 87 29
2 90 74
2 93 28
2 95 59
2 97 64
2 99 85
3 2 97
3 4 48
3 10 86
3 11 12
3 12 79
3 13 45
3 14 51
3 15 27
3 17 17
3 18 28
3 19 11
3 21 59
3 25 8
3 26 28
3 30 57
3 32 76
3 35 95
3 37 92
3 42 66
3 43 91
3 52 94
3 55 29
3 56 50
3 59 1
3 62 96
3 63 18
3 65 7
3 69 67
3 70 78
3 72 57
3 80 56
3 82 46
3 83 65
3 85 1
3 88 56
3 89 54
3 90 91
3 93 82
3 95 92
3 98 6
4 0 40
4 2 38
4 7 72
4 8 18
4 11 79
4 12 83
4 13 98
4 16 62
4 21 6
4 23 18
4 24 47
4 25 69
4 26 94
4 27 21
4 28 94
4 31 76
4 35 3
4 37 27
4 38 2
4 39 88
4 45 90
4 46 40
4 49 81
4 50 28
4 52 7
4 53 15
4 54 28
4 55 20
4 57 51
4 58 90
4 60 16
4 64 48
4 69 98
4 70 67
4 76 12
4 78 83
4 82 95
4 88 5
4 89 53
4 91 68
4 92 63
4 95 4
4 96 71
4 97 73
4 98 83
5 3 49
5 4 9
5 8 83
5 9 4
5 12 77
5 13 9
5 16 28
5 17 41
5 18 33
5 22 21
5 24 1
5 26 17
5 28 73
5 29 44
5 30 49
5 32 97
5 33 44
5 34 42
5 35 36
5 38 4
5 39 98
5 41 74
5 43 35
5 45 93
5 49 17
5 50 67
5 51 48
5 52 22
5 53 80
5 55 69
5 57 89
5 60 51
5 62 22
5 69 35
5 70 51
5 71 14
5 72 73
5 73 76
5 74 6
5 77 58
5 78 37
5 82 53
5 88 50
5 90 58
5 93 1
5 96 76
5 97 39
5 98 65
6 0 44
6 1 3
6 2 31
6 3 74
6 8 54
6 10 37
6 11 69
6 12 85
6 13 55
6 14 2
6 15 78
6 16 4
6 17 88
6 19 7
6 20 35
6 25 85
6 26 94
6 27 63
6 28 64
6 33 53
6 36 46
6 39 2
6 40 55
6 42 10
6 47 100
6 48 79
6 61 26
6 63 14
6 64 15
6 65 12
6 66 14
6 67 98
6 68 57
6 73 16
6 84 16
6 85 78
6 86 22
6 87 56
6 90 42
6 92 46
6 95 31
6 98 57
7 1 65
7 5 62
7 6 5
7 8 29
7 10 78
7 14 29
7 17 8
7 20 14
7 21 65
7 24 2
7 25 43
7 30 78
7 32 81
7 33 30
7 36 34
7 38 65
7 42 33
7 44 27
7 46 75
7 47 57
7 53 79
7 56 48
7 57 100
7 63 24
7 64 2
7 69 18
7 70 67
7 79 54
7 80 78
7 84 63
7 87 61
7 88 73
7 90 5
7 94 15
7 98 61
8 1 53
8 3 89
8 10 93
8 11 84
8 12 69
8 16 16
8 18 43
8 25 39
8 27 59
8 34 26
8 37 28
8 38 17
8 39 20
8 42 2
8 50 13
8 51 6
8 53 48
8 56 9
8 60 64
8 66 61
8 69 74
8 70 2
8 71 22
8 72 29
8 79 57
8 80 14
8 81 4
8 82 9
8 84 100
8 85 43
8 89 60
8 93 23
8 95 83
8 99 100
9 1 96
9 3 17
9 6 76
9 7 32
9 8 46
9 13 6
9 14 23
9 16 3
9 17 73
9 18 78
9 19 84
9 21 88
9 24 2
9 25 89
9 28 34
9 30 50
9 32 62
9 33 46
9 34 77
9 37 77
9 40 29
9 45 15
9 46 32
9 47 46
9 53 82
9 55 70
9 57 61
9 58 84
9 59 14
9 62 68
9 63 62
9 64 77
9 74 36
9 75 14
9 77 79
9 80 98
9 81 92
9 82 3
9 83 44
9 85 81
9 86 77
9 90 29
9 93 6
9 94 46
9 96 24
10 2 92
10 9 80
10 13 44
10 15 58
10 17 72
10 19 53
10 21 87
10 24 55
10 25 24
10 28 25
10 30 49
10 31 14
10 33 77
10 37 15
10 38 16
10 40 42
10 42 1
10 43 9
10 53 91
10 54 79
10 55 44
10 60 65
10 62 50
10 64 34
10 65 50
10 71 47
10 72 45
10 73 46
10 74 89
10 76 85
10 78 10
10 80 57
10 81 84
10 83 39
10 85 81
10 86 11
10 87 57
10 93 56
10 95 16
10 96 98
10 97 88
10 99 18
11 1 54
11 9 38
11 12 36
11 15 35
11 17 81
11 21 92
11 25 15
11 26 22
11 35 19
11 37 28
11 43 92
11 46 83
11 48 53
11 49 5
11 52 38
11 57 73
11 59 63
11 60 16
11 63 1
11 66 42
11 67 99
11 70 40
11 73 68
11 80 40
11 81 27
11 82 1
11 84 88
11 85 67
11 88 20
11 89 15
11 90 99
11 91 33
11 92 95
11 99 87
12 2 15
12 7 89
12 9 56
12 10 51
12 13 80
12 14 48
12 18 53
12 20 73
12 24 22
12 26 50
12 27 19
12 35 80
12 37 77
12 39 1
12 45 65
12 46 74
12 54 53
12 56 69
12 57 79
12 59 45
12 63 21
12 64 11
12 65 15
12 68 68
12 69 60
12 71 50
12 72 86
12 75 66
12 76 84
12 81 80
12 89 23
12 90 95
12 91 84
12 92 5
12 94 74
12 96 39
12 99 4
13 8 83
13 11 71
13 15 77
13 16 81
13 28 40
13 30 38
13 33 45
13 35 55
13 38 10
13 39 69
13 41 96
13 44 91
13 54 77
13 55 41
13 59 37
13 67 36
13 72 55
13 75 57
13 77 91
13 82 7
13 84 72
13 87 66
13 89 14
13 90 83
13 95 81
13 99 94
14 0 26
14 1 98
14 2 4
14 4 24
14 5 5
14 8 43
14 10 64
14 11 65
14 13 47
14 15 9
14 19 5
14 21 22
14 22 12
14 23 50
14 28 53
14 33 28
14 35 18
14 37 42
14 40 81
14 41 89
14 43 60
14 47 88
14 49 78
14 50 22
14 52 12
14 53 38
14 54 58
14 56 32
14 57 42
14 59 75
14 60 72
14 61 68
14 63 25
14 65 71
14 71 32
14 72 60
14 74 86
14 75 16
14 76 25
14 80 15
14 81 67
14 88 86
14 90 42
14 91 48
14 97 11
14 98 56
14 99 87
15 2 72
15 9 37
15 16 38
15 20 100
15 22 42
15 26 87
15 27 31
15 28 90
15 30 46
15 31 72
15 35 86
15 36 55
15 41 13
15 43 3
15 44 80
15 48 41
15 50 15
15 52 82
15 53 4
15 56 43
15 57 1
15 59 13
15 60 70
15 64 15
15 66 9
15 68 67
15 69 33
15 70 9
15 72 33
15 77 44
15 79 16
15 82 8
15 84 37
15 89 94
15 93 75
15 97 35
16 0 7
16 3 52
16 7 87
16 10 62
16 11 71
16 12 95
16 14 20
16 17 65
16 18 95
16 19 42
16 20 38
16 21 69
16 25 80
16 28 63
16 29 40
16 37 97
16 38 78
16 41 5
16 44 79
16 46 43
16 47 26
16 49 7
16 53 96
16 57 52
16 64 50
16 68 53
16 69 90
16 70 32
16 71 56
16 72 36
16 73 53
16 77 48
16 78 77
16 80 31
16 81 11
16 82 41
16 83 85
16 84 71
16 85 56
16 87 43
16 91 72
16 92 24
16 93 82
16 95 92
17 1 78
17 2 9
17 13 43
17 14 74
17 15 89
17 18 47
17 22 42
17 23 9
17 26 29
17 30 59
17 31 67
17 32 71
17 33 73
17 35 32
17 37 7
17 38 14
17 39 34
17 40 3
17 41 33
17 45 71
17 48 39
17 56 15
17 60 16
17 64 25
17 66 41
17 67 5
17 68 91
17 70 11
17 71 44
17 72 12
17 74 57
17 77 10
17 79 18
17 81 39
17 87 9
17 90 42
17 92 54
17 93 3
17 95 67
17 98 33
17 99 59
18 1 37
18 6 59
18 7 6
18 14 78
18 20 28
18 21 93
18 22 49
18 24 62
18 29 83
18 30 8
18 31 34
18 33 34
18 38 83
18 39 44
18 40 6
18 43 80
18 46 10
18 49 14
18 51 67
18 52 78
18 57 12
18 60 13
18 70 42
18 71 37
18 72 60
18 76 81
18 77 11
18 81 43
18 83 30
18 86 42
18 88 66
18 89 22
18 90 11
18 91 1
18 92 5
18 93 96
18 95 11
18 96 97
18 99 81
19 1 39
19 2 28
19 5 41
19 7 87
19 12 51
19 13 58
19 15 89
19 17 48
19 18 59
19 20 75
19 23 83
19 25 61
19 26 77
19 29 94
19 30 77
19 32 92
19 37 26
19 44 76
19 45 70
19 46 5
19 54 32
19 56 6
19 66 48
19 70 42
19 71 1
19 72 70
19 75 68
19 78 79
19 81 28
19 82 37
19 83 71
19 84 35
19 89 75
19 92 41
19 95 1
19 96 9
19 97 19
20 0 16
20 1 40
20 4 41
20 5 47
20 8 21
20 9 39
20 10 71
20 11 71
20 14 96
20 25 31
20 27 53
20 29 33
20 30 43
20 31 40
20 33 56
20 34 23
20 35 52
20 36 36
20 37 69
20 39 75
20 40 55
20 43 7
20 44 14
20 54 30
20 57 11
20 58 28
20 59 21
20 60 83
20 64 7
20 65 27
20 68 50
20 73 60
20 74 64
20 75 85
20 80 2
20 85 4
20 88 65
20 92 91
20 94 95
20 96 93
20 97 64
20 98 51
20 99 73
21 1 41
21 5 21
21 15 25
21 17 21
21 19 98
21 20 79
21 22 78
21 25 72
21 26 65
21 27 15
21 29 93
21 30 2
21 34 81
21 39 98
21 40 42
21 41 12
21 43 31
21 45 64
21 47 24
21 50 34
21 54 97
21 55 86
21 56 54
21 59 8
21 60 12
21 61 87
21 62 19
21 64 30
21 65 41
21 66 92
21 73 45
21 75 32
21 76 67
21 78 18
21 79 87
21 80 70
21 82 57
21 83 19
21 84 82
21 87 19
21 88 69
21 91 51
21 93 98
21 94 34
21 96 86
21 99 9
22 1 67
22 3 57
22 4 31
22 6 83
22 7 61
22 10 21
22 11 19
22 16 55
22 19 68
22 25 38
22 28 26
22 29 16
22 31 85
22 33 5
22 36 83
22 38 6
22 41 50
22 43 60
22 45 68
22 46 100
22 52 74
22 53 74
22 54 86
22 58 89
22 63 40
22 65 25
22 66 73
22 67 99
22 68 84
22 70 36
22 72 7
22 74 98
22 79 7
22 80 15
22 81 69
22 83 13
22 84 69
22 85 81
22 89 69
22 91 64
22 95 23
22 96 21
22 97 6
22 99 95
23 0 20
23 3 8
23 5 11
23 8 10
23 9 50
23 11 63
23 15 49
23 16 26
23 18 9
23 20 66
23 21 21
23 22 15
23 24 58
23 25 83
23 28 47
23 29 23
23 30 36
23 42 77
23 43 77
23 44 84
23 46 56
23 49 24
23 50 49
23 51 21
23 52 7
23 53 7
23 55 10
23 57 32
23 58 72
23 59 7
23 61 69
23 62 21
23 64 14
23 68 26
23 69 53
23 70 28
23 74 42
23 75 50
23 79 73
23 82 79
23 84 31
23 86 46
23 88 35
23 90 23
23 91 69
23 93 13
23 94 4
23 95 80
23 97 61
23 98 12
24 6 56
24 11 10
24 13 89
24 14 95
24 16 54
24 17 70
24 19 35
24 20 27
24 21 58
24 22 3
24 25 41
24 26 8
24 27 89
24 34 90
24 35 43
24 36 77
24 39 43
24 41 77
24 42 3
24 46 51
24 47 58
24 50 63
24 52 10
24 54 91
24 56 8
24 57 63
24 61 3
24 63 25
24 65 99
24 68 88
24 70 37
24 74 59
24 75 10
24 78 47
24 83 87
24 85 54
24 86 75
24 89 14
24 93 37
24 96 55
24 98 6
25 1 40
25 2 14
25 5 73
25 12 3
25 13 51
25 14 62
25 15 74
25 17 84
25 18 35
25 26 62
25 29 66
25 30 74
25 32 78
25 33 32
25 34 56
25 35 11
25 36 98
25 37 86
25 38 20
25 42 100
25 46 5
25 47 79
25 50 11
25 53 14
25 56 8
25 58 84
25 60 80
25 67 56
25 69 22
25 70 3
25 72 51
25 76 3
25 82 25
25 85 95
25 86 97
25 89 14
25 93 99
25 95 47
25 96 92
26 2 1
26 7 62
26 13 91
26 16 47
26 18 80
26 20 76
26 23 78
26 29 4
26 30 50
26 31 96
26 32 18
26 36 15
26 38 60
26 39 97
26 41 88
26 44 28
26 45 95
26 48 12
26 49 61
26 50 8
26 52 24
26 53 16
26 55 68
26 56 19
26 58 24
26 59 71
26 63 17
26 64 92
26 65 32
26 68 11
26 69 33
26 70 24
26 72 23
26 73 88
26 74 87
26 76 77
26 77 37
26 81 81
26 82 90
26 84 76
26 87 74
26 88 67
26 90 1
26 91 1
26 92 66
26 94 69
26 97 30
26 98 73
26 99 61
27 3 86
27 5 55
27 7 46
27 9 46
27 10 6
27 11 51
27 13 34
27 16 95
27 17 4
27 19 12
27 22 13
27 25 34
27 26 96
27 33 2
27 36 37
27 38 84
27 40 49
27 44 42
27 46 33
27 49 90
27 52 95
27 53 62
27 54 42
27 55 86
27 56 26
27 63 9
27 65 60
27 67 26
27 71 17
27 72 83
27 79 3
27 84 24
27 85 68
27 88 55
27 91 31
27 94 12
27 95 82
27 97 44
28 3 57
28 7 10
28 8 47
28 11 14
28 12 90
28 18 66
28 19 98
28 20 18
28 21 24
28 25 52
28 26 51
28 35 56
28 36 64
28 40 45
28 41 53
28 44 53
28 46 72
28 47 54
28 48 48
28 49 58
28 50 9
28 53 46
28 56 94
28 63 79
28 64 85
28 68 74
28 69 6
28 70 19
28 71 6
28 72 33
28 75 4
28 77 19
28 78 80
28 84 92
28 87 12
28 90 100
28 93 98
28 94 10
28 95 92
28 96 46
28 97 57
28 98 50
29 0 27
29 3 53
29 4 51
29 6 28
29 7 77
29 9 68
29 12 33
29 13 36
29 17 83
29 24 75
29 27 1
29 30 3
29 31 91
29 33 54
29 35 82
29 39 8
29 41 35
29 42 18
29 47 83
29 52 27
29 54 99
29 55 70
29 58 92
29 61 38
29 62 24
29 64 59
29 69 99
29 72 57
29 75 60
29 78 58
29 81 32
29 83 78
29 87 80
29 91 35
29 94 86
29 97 8
29 98 81
30 4 96
30 8 67
30 16 76
30 22 4
30 24 40
30 31 38
30 33 87
30 34 23
30 37 72
30 39 60
30 41 9
30 43 84
30 48 81
30 49 9
30 52 43
30 61 65
30 63 74
30 65 53
30 67 93
30 69 34
30 71 78
30 72 11
30 75 87
30 77 8
30 78 88
30 79 2
30 81 3
30 84 3
30 90 25
30 91 57
30 92 71
30 94 38
30 95 26
31 3 87
31 6 63
31 8 97
31 9 59
31 11 24
31 12 25
31 13 18
31 14 22
31 16 14
31 19 53
31 21 23
31 23 51
31 24 37
31 28 37
31 35 71
31 36 82
31 37 86
31 40 44
31 42 59
31 43 58
31 44 85
31 48 41
31 49 9
31 51 79
31 52 67
31 54 7
31 55 3
31 58 18
31 59 82
31 60 80
31 63 28
31 68 33
31 69 32
31 71 56
31 78 81
31 80 9
31 84 75
31 88 56
31 89 54
31 91 80
31 92 42
31 97 33
31 98 89
32 2 57
32 4 95
32 6 5
32 8 58
32 10 77
32 11 68
32 12 29
32 15 46
32 18 26
32 20 14
32 21 20
32 22 38
32 24 47
32 27 46
32 29 63
32 30 11
32 31 53
32 35 11
32 40 87
32 41 2
32 49 73
32 52 15
32 53 27
32 55 48
32 58 59
32 60 2
32 62 6
32 63 20
32 66 9
32 68 84
32 69 36
32 70 19
32 71 48
32 76 52
32 78 59
32 80 2
32 83 72
32 85 16
32 86 1
32 90 63
32 91 94
32 93 25
32 94 27
32 96 75
32 98 77
32 99 58
33 0 44
33 3 45
33 4 86
33 8 83
33 11 52
33 12 40
33 16 100
33 19 25
33 24 43
33 26 39
33 28 84
33 31 28
33 32 63
33 35 1
33 36 54
33 38 24
33 40 100
33 42 51
33 46 83
33 47 12
33 50 71
33 51 59
33 54 9
33 58 68
33 63 70
33 67 26
33 70 31
33 71 76
33 74 6
33 75 40
33 76 85
33 78 49
33 81 89
33 89 95
33 92 23
33 93 40
33 94 39
33 96 6
33 98 29
34 0 29
34 4 43
34 6 96
34 7 15
34 10 6
34 11 36
34 12 26
34 13 27
34 15 67
34 16 31
34 17 84
34 27 13
34 28 3
34 32 37
34 36 82
34 39 86
34 41 96
34 44 67
34 47 50
34 48 5
34 50 55
34 53 9
34 59 21
34 60 10
34 63 23
34 65 65
34 67 74
34 70 62
34 75 89
34 76 73
34 77 33
34 78 36
34 79 2
34 82 79
34 83 60
34 90 60
34 91 76
34 92 32
34 94 38
34 97 27
34 98 86
35 0 7
35 1 65
35 6 79
35 7 29
35 9 81
35 10 53
35 19 4
35 21 7
35 23 87
35 27 45
35 37 30
35 38 64
35 39 68
35 40 4
35 41 92
35 46 15
35 49 30
35 52 17
35 55 45
35 58 18
35 59 62
35 62 2
35 63 87
35 73 48
35 74 57
35 76 64
35 77 63
35 79 94
35 80 10
35 81 28
35 84 65
35 87 95
35 89 10
35 90 59
35 91 96
35 93 22
35 95 92
35 96 94
35 97 8
35 98 36
35 99 60
36 1 47
36 2 77
36 4 33
36 5 76
36 11 9
36 12 59
36 13 37
36 14 31
36 16 74
36 17 66
36 18 34
36 21 70
36 23 17
36 29 14
36 37 83
36 39 74
36 43 96
36 47 58
36 50 60
36 53 41
36 54 61
36 55 72
36 57 17
36 62 62
36 66 62
36 68 85
36 73 97
36 75 39
36 82 56
36 83 81
36 84 63
36 86 58
36 87 4
36 89 80
36 92 15
36 93 29
36 94 50
36 97 35
36 99 87
37 0 58
37 2 25
37 5 35
37 7 93
37 13 71
37 18 3
37 21 36
37 22 20
37 23 88
37 26 79
37 29 59
37 32 7
37 34 69
37 39 39
37 40 19
37 42 89
37 43 30
37 44 81
37 45 55
37 46 48
37 49 49
37 50 46
37 51 48
37 52 49
37 54 57
37 55 11
37 58 6
37 59 4
37 61 57
37 65 30
37 66 9
37 68 6
37 72 20
37 73 25
37 76 6
37 79 27
37 80 15
37 81 89
37 82 12
37 83 83
37 84 59
37 85 65
37 88 6
37 90 54
37 93 76
37 95 46
38 0 41
38 1 28
38 2 20
38 3 95
38 6 100
38 9 37
38 11 97
38 12 68
38 14 41
38 15 97
38 19 51
38 20 34
38 23 58
38 24 81
38 29 82
38 32 76
38 34 60
38 36 46
38 37 3
38 44 91
38 47 19
38 52 19
38 54 65
38 56 94
38 57 2
38 59 82
38 63 21
38 64 84
38 65 55
38 68 43
38 70 4
38 74 51
38 75 31
38 76 24
38 77 76
38 79 44
38 83 19
38 84 22
38 86 88
38 88 70
38 89 1
38 90 84
38 92 58
38 93 57
38 94 19
38 96 52
38 97 65
38 98 46
39 1 92
39 3 92
39 9 48
39 10 100
39 15 15
39 16 95
39 25 17
39 28 78
39 32 17
39 33 6
39 38 14
39 41 100
39 42 98
39 46 87
39 48 81
39 49 62
39 52 80
39 54 1
39 55 49
39 56 59
39 58 57
39 61 100
39 62 61
39 66 85
39 69 75
39 71 92
39 76 60
39 80 59
39 82 41
39 84 4
39 87 23
39 88 47
39 94 71
40 1 73
40 3 44
40 8 39
40 12 66
40 13 58
40 15 45
40 16 16
40 19 28
40 22 62
40 23 98
40 24 24
40 29 53
40 30 71
40 34 11
40 36 73
40 38 64
40 39 21
40 44 65
40 45 86
40 50 57
40 52 79
40 54 10
40 55 42
40 56 35
40 58 3
40 59 8
40 61 85
40 62 30
40 63 69
40 66 33
40 69 61
40 70 84
40 71 83
40 73 9
40 76 98
40 77 64
40 79 92
40 82 91
40 83 47
40 87 64
40 89 64
40 91 87
40 92 62
40 93 94
40 94 65
40 95 99
40 96 12
41 0 89
41 2 96
41 4 36
41 8 10
41 10 86
41 19 86
41 23 19
41 27 35
41 33 7
41 36 87
41 37 60
41 38 100
41 40 99
41 44 34
41 46 27
41 49 49
41 50 24
41 51 14
41 52 62
41 55 21
41 56 84
41 65 53
41 66 26
41 68 72
41 70 100
41 74 70
41 75 14
41 79 80
41 80 70
41 81 83
41 82 93
41 83 98
41 84 51
41 88 91
41 91 77
41 92 77
41 94 10
41 98 68
42 1 7
42 4 4
42 9 91
42 14 29
42 18 77
42 19 100
42 20 57
42 21 65
42 26 6
42 27 3
42 28 95
42 30 94
42 36 48
42 40 36
42 41 69
42 43 35
42 45 82
42 49 3
42 51 38
42 55 51
42 56 81
42 64 12
42 65 33
42 67 62
42 68 16
42 70 80
42 71 12
42 78 3
42 82 87
42 83 21
42 84 10
42 85 87
42 87 29
42 88 1
42 89 58
42 93 20
42 94 35
42 96 69
42 98 5
42 99 100
43 0 37
43 1 4
43 4 91
43 6 50
43 8 49
43 9 70
43 12 45
43 13 59
43 16 6
43 17 14
43 19 46
43 25 63
43 26 94
43 27 11
43 29 69
43 32 75
43 34 96
43 38 14
43 40 91
43 41 22
43 49 91
43 50 5
43 51 41
43 53 61
43 54 13
43 65 98
43 68 20
43 71 97
43 74 52
43 76 59
43 80 11
43 83 2
43 86 28
43 88 40
43 89 18
43 92 73
43 99 30
44 0 49
44 4 100
44 5 28
44 6 10
44 8 5
44 9 23
44 11 63
44 14 15
44 18 61
44 21 70
44 22 44
44 24 17
44 29 15
44 30 61
44 32 10
44 35 57
44 36 70
44 39 97
44 42 49
44 43 1
44 46 68
44 47 23
44 51 47
44 57 24
44 60 39
44 63 89
44 65 59
44 67 37
44 75 49
44 79 78
44 84 9
44 86 32
44 91 28
44 93 21
44 95 93
44 96 34
44 98 26
44 99 77
45 1 13
45 6 71
45 7 4
45 8 86
45 10 18
45 13 3
45 14 43
45 15 38
45 16 45
45 18 47
45 20 85
45 23 77
45 24 23
45 27 6
45 31 49
45 33 13
45 34 86
45 36 34
45 38 30
45 39 81
45 41 74
45 44 20
45 50 74
45 51 67
45 53 89
45 55 51
45 60 69
45 63 45
45 68 96
45 69 62
45 71 21
45 73 2
45 74 82
45 75 15
45 78 3
45 82 18
45 84 32
45 85 43
45 88 100
45 91 56
45 92 2
45 95 47
45 96 48
45 97 93
45 98 52
46 1 86
46 3 42
46 5 63
46 8 3
46 10 35
46 13 83
46 14 55
46 17 21
46 20 36
46 30 72
46 32 61
46 36 79
46 40 75
46 42 6
46 43 18
46 45 73
46 49 25
46 51 65
46 56 32
46 60 72
46 61 73
46 63 86
46 65 85
46 68 88
46 70 54
46 76 48
46 81 70
46 82 82
46 83 1
46 91 75
46 93 42
46 95 29
47 0 45
47 1 63
47 2 9
47 3 26
47 11 6
47 12 30
47 13 98
47 17 57
47 19 85
47 22 55
47 23 45
47 26 47
47 27 10
47 30 95
47 31 50
47 32 24
47 37 65
47 39 56
47 40 98
47 41 23
47 42 58
47 43 82
47 46 14
47 49 6
47 50 50
47 52 76
47 55 31
47 56 92
47 57 46
47 58 76
47 59 80
47 60 83
47 62 7
47 63 90
47 66 42
47 67 12
47 69 17
47 71 6
47 72 61
47 73 40
47 74 26
47 75 64
47 77 13
47 78 58
47 79 68
47 81 74
47 85 79
47 88 79
47 92 41
47 96 39
47 97 53
48 1 87
48 4 74
48 5 35
48 8 72
48 13 1
48 14 68
48 18 92
48 19 25
48 20 78
48 21 85
48 22 89
48 25 38
48 29 87
48 32 40
48 35 36
48 37 88
48 38 14
48 43 36
48 45 100
48 51 35
48 52 63
48 56 30
48 57 5
48 58 87
48 61 53
48 64 69
48 68 68
48 70 36
48 71 10
48 73 94
48 74 28
48 75 97
48 78 59
48 81 15
48 84 40
48 88 10
48 91 20
48 93 78
48 96 2
48 99 6
49 0 64
49 2 36
49 7 21
49 8 27
49 9 36
49 13 71
49 17 29
49 20 22
49 22 75
49 24 67
49 29 58
49 33 6
49 34 83
49 36 25
49 38 69
49 44 58
49 45 82
49 48 94
49 50 43
49 51 17
49 53 61
49 54 100
49 56 1
49 57 79
49 59 20
49 64 98
49 66 12
49 68 24
49 72 45
49 73 68
49 77 56
49 80 24
49 83 58
49 86 46
49 87 88
49 90 36
49 93 26
49 95 18
49 96 80
50 0 70
50 1 60
50 2 89
50 3 10
50 10 7
50 11 41
50 20 33
50 22 22
50 27 42
50 32 40
50 35 59
50 46 89
50 48 65
50 52 8
50 53 61
50 54 49
50 55 87
50 56 55
50 59 40
50 65 40
50 67 41
50 68 61
50 69 21
50 70 57
50 75 21
50 81 92
50 94 4
50 97 5
50 98 63
50 99 58
51 3 35
51 4 57
51 6 97
51 10 60
51 11 11
51 12 93
51 14 45
51 15 84
51 20 33
51 21 34
51 24 100
51 25 92
51 26 16
51 28 77
51 30 54
51 32 54
51 34 2
51 35 79
51 38 26
51 40 90
51 47 16
51 50 77
51 52 62
51 54 10
51 56 56
51 57 5
51 66 35
51 67 51
51 68 26
51 69 67
51 70 26
51 74 38
51 77 63
51 79 26
51 80 73
51 81 51
51 86 85
51 91 48
51 92 50
51 94 5
51 96 78
52 0 86
52 8 64
52 9 70
52 10 28
52 12 43
52 13 93
52 17 86
52 19 68
52 20 38
52 21 65
52 25 8
52 28 18
52 34 98
52 36 19
52 42 52
52 43 74
52 44 54
52 53 48
52 59 9
52 60 60
52 62 42
52 63 85
52 69 6
52 70 59
52 71 45
52 72 8
52 73 39
52 74 38
52 77 43
52 78 90
52 81 58
52 82 24
52 84 31
52 85 48
52 88 99
52 89 8
52 95 43
52 97 78
52 98 70
53 1 26
53 2 47
53 3 32
53 11 13
53 12 77
53 13 57
53 17 33
53 18 58
53 19 62
53 20 96
53 21 92
53 24 8
53 29 82
53 31 56
53 33 31
53 37 36
53 38 7
53 41 38
53 42 95
53 46 12
53 47 10
53 48 16
53 51 80
53 55 82
53 56 18
53 61 39
53 62 24
53 65 27
53 71 95
53 75 48
53 76 83
53 77 37
53 82 3
53 84 22
53 86 81
53 87 54
53 94 68
53 96 57
53 97 1
53 98 96
53 99 20
54 3 45
54 5 65
54 7 3
54 8 23
54 9 28
54 15 84
54 17 6
54 23 35
54 25 36
54 26 25
54 32 26
54 35 59
54 41 11
54 45 50
54 46 79
54 47 73
54 52 19
54 55 45
54 56 56
54 57 47
54 59 54
54 60 78
54 62 36
54 71 10
54 73 19
54 78 13
54 79 34
54 87 79
55 0 2
55 1 27
55 2 73
55 6 82
55 11 9
55 12 18
55 14 94
55 15 73
55 16 19
55 17 94
55 18 42
55 19 3
55 24 89
55 25 31
55 28 82
55 30 80
55 33 55
55 34 88
55 38 62
55 43 4
55 44 48
55 46 31
55 48 56
55 51 10
55 57 26
55 58 18
55 62 44
55 64 67
55 65 36
55 68 96
55 70 2
55 72 64
55 73 51
55 75 87
55 76 17
55 78 78
55 80 58
55 83 99
55 89 61
55 90 26
55 91 58
55 92 64
55 94 32
55 98 30
56 2 65
56 5 45
56 6 40
56 10 100
56 11 76
56 16 75
56 20 81
56 22 56
56 23 36
56 29 19
56 32 3
56 33 32
56 34 53
56 37 11
56 43 91
56 44 82
56 45 84
56 52 52
56 55 72
56 57 46
56 59 1
56 60 87
56 62 87
56 63 27
56 64 12
56 65 88
56 69 6
56 70 89
56 72 15
56 79 40
56 80 51
56 81 45
56 85 23
56 87 29
56 88 6
56 89 22
56 93 11
56 94 76
57 0 14
57 13 93
57 17 73
57 19 87
57 21 35
57 25 94
57 28 48
57 29 21
57 30 20
57 31 35
57 32 91
57 33 62
57 34 17
57 39 49
57 45 43
57 46 43
57 50 74
57 52 84
57 61 71
57 62 35
57 65 83
57 67 23
57 69 81
57 70 54
57 74 54
57 80 50
57 86 60
57 92 12
57 93 62
57 98 65
58 2 26
58 5 74
58 6 5
58 11 50
58 13 84
58 17 34
58 18 36
58 21 44
58 24 53
58 27 84
58 28 74
58 30 89
58 34 68
58 38 99
58 41 53
58 42 35
58 43 17
58 45 52
58 46 95
58 49 54
58 53 7
58 56 61
58 57 93
58 60 28
58 61 22
58 62 65
58 64 57
58 65 58
58 67 72
58 69 71
58 73 82
58 76 31
58 79 1
58 83 15
58 85 3
58 87 55
58 90 22
58 92 36
58 98 78
58 99 80
59 1 49
59 4 55
59 10 73
59 16 14
59 17 26
59 18 76
59 19 92
59 22 27
59 27 57
59 28 44
59 30 48
59 32 88
59 36 80
59 39 76
59 41 11
59 43 8
59 44 20
59 45 64
59 46 89
59 48 46
59 53 2
59 55 18
59 57 10
59 60 88
59 64 82
59 67 98
59 69 61
59 71 50
59 76 57
59 78 6
59 80 67
59 82 7
59 84 71
59 88 22
59 89 71
59 92 38
59 93 17
59 94 62
59 95 97
59 97 90
60 0 96
60 3 53
60 6 42
60 12 19
60 16 32
60 19 63
60 22 64
60 24 72
60 28 16
60 29 61
60 33 72
60 35 59
60 37 32
60 38 57
60 39 8
60 40 25
60 41 96
60 43 66
60 50 85
60 51 30
60 53 26
60 55 26
60 62 90
60 66 43
60 70 44
60 71 61
60 76 92
60 92 35
60 94 15
60 95 61
60 97 20
60 98 89
61 1 27
61 3 57
61 4 24
61 5 78
61 9 5
61 11 28
61 12 80
61 13 43
61 15 35
61 18 44
61 22 10
61 25 54
61 26 42
61 27 53
61 28 36
61 31 52
61 32 70
61 33 90
61 36 46
61 41 4
61 42 43
61 43 82
61 44 78
61 49 61
61 50 76
61 52 50
61 55 40
61 56 54
61 60 46
61 64 75
61 66 16
61 67 100
61 68 63
61 73 11
61 78 24
61 79 68
61 81 98
61 84 63
61 87 18
61 88 64
61 89 11
61 90 92
61 95 97
61 98 47
62 4 76
62 7 98
62 8 8
62 11 28
62 12 8
62 14 53
62 17 24
62 18 85
62 19 87
62 20 56
62 22 87
62 24 25
62 25 65
62 27 69
62 28 33
62 31 99
62 33 31
62 34 41
62 37 37
62 43 43
62 45 4
62 48 78
62 50 2
62 59 32
62 61 10
62 63 76
62 66 54
62 67 3
62 71 64
62 79 98
62 80 52
62 81 84
62 83 40
62 84 20
62 86 22
62 87 29
62 95 7
62 97 29
62 99 20
63 2 52
63 4 42
63 5 73
63 10 18
63 16 8
63 17 31
63 19 69
63 20 10
63 23 26
63 29 14
63 41 26
63 42 71
63 43 86
63 49 86
63 50 87
63 51 70
63 53 88
63 54 74
63 55 11
63 57 73
63 58 71
63 59 81
63 60 19
63 61 34
63 64 72
63 65 70
63 67 16
63 68 24
63 69 17
63 74 12
63 77 89
63 79 55
63 82 87
63 83 33
63 84 33
63 87 19
63 88 16
63 89 71
63 90 5
63 96 70
63 99 20
64 2 77
64 11 1
64 13 39
64 18 96
64 22 21
64 25 79
64 27 59
64 30 32
64 31 42
64 32 67
64 33 6
64 34 15
64 35 85
64 37 6
64 39 4
64 40 40
64 41 6
64 43 100
64 46 23
64 47 15
64 50 38
64 52 16
64 53 74
64 54 11
64 57 47
64 60 54
64 62 98
64 65 86
64 67 86
64 68 75
64 75 86
64 76 38
64 78 90
64 81 93
64 82 90
64 83 75
64 86 29
64 88 54
64 92 51
64 96 83
64 97 69
64 98 55
65 2 36
65 5 67
65 9 34
65 11 31
65 16 18
65 18 62
65 19 5
65 23 24
65 28 76
65 29 67
65 32 44
65 33 13
65 35 11
65 36 80
65 39 37
65 45 34
65 47 39
65 48 77
65 49 63
65 51 16
65 54 60
65 59 30
65 60 55
65 61 44
65 62 18
65 66 35
65 70 34
65 71 46
65 72 55
65 73 10
65 77 57
65 81 18
65 83 76
65 85 25
65 89 35
65 91 6
65 96 25
66 0 3
66 1 99
66 3 10
66 4 67
66 5 19
66 7 31
66 9 100
66 10 47
66 13 1
66 14 33
66 16 39
66 18 56
66 20 96
66 23 21
66 24 100
66 25 62
66 26 37
66 28 3
66 29 33
66 30 1
66 33 10
66 38 100
66 43 36
66 44 62
66 52 43
66 56 80
66 58 72
66 72 43
66 73 80
66 75 39
66 76 7
66 80 33
66 82 34
66 84 45
66 85 61
66 88 79
66 89 50
66 91 10
66 92 57
66 93 60
66 95 74
66 98 66
67 0 48
67 2 30
67 3 29
67 4 48
67 5 48
67 7 58
67 9 18
67 14 26
67 15 38
67 18 29
67 19 85
67 20 77
67 21 13
67 23 69
67 24 56
67 26 51
67 28 96
67 31 60
67 32 10
67 35 87
67 36 16
67 38 100
67 40 2
67 41 9
67 43 53
67 52 88
67 54 53
67 55 36
67 65 96
67 66 99
67 69 20
67 70 78
67 74 49
67 75 31
67 77 26
67 82 56
67 85 95
67 86 5
67 91 6
67 94 77
67 95 100
68 1 78
68 5 22
68 7 82
68 8 62
68 10 79
68 11 100
68 13 98
68 18 67
68 19 90
68 21 88
68 25 37
68 27 61
68 29 79
68 30 35
68 33 82
68 34 13
68 35 12
68 40 28
68 44 60
68 52 45
68 54 73
68 56 95
68 57 100
68 58 89
68 60 67
68 65 45
68 67 48
68 69 24
68 74 11
68 79 68
68 81 83
68 87 51
68 88 8
68 90 82
68 93 6
68 94 34
68 96 30
68 98 28
69 9 48
69 10 50
69 11 67
69 13 29
69 17 20
69 18 50
69 19 30
69 20 67
69 24 44
69 27 83
69 33 68
69 34 66
69 35 84
69 36 14
69 37 71
69 38 1
69 41 96
69 44 72
69 48 60
69 49 54
69 53 33
69 54 13
69 55 83
69 60 66
69 61 93
69 62 28
69 64 3
69 65 66
69 66 51
69 71 29
69 76 87
69 78 64
69 82 85
69 83 73
69 84 49
69 85 88
69 90 64
69 91 16
69 92 66
69 93 28
69 96 24
69 97 20
69 98 41
70 1 3
70 6 69
70 9 36
70 14 59
70 20 93
70 29 81
70 30 86
70 31 22
70 37 81
70 39 54
70 44 21
70 45 13
70 47 14
70 58 5
70 59 84
70 61 47
70 62 40
70 63 54
70 64 58
70 66 100
70 68 53
70 69 21
70 72 24
70 74 90
70 75 86
70 82 74
70 83 44
70 87 91
70 89 7
70 90 30
70 91 97
70 92 41
70 96 3
70 97 64
70 99 59
71 0 15
71 3 73
71 7 73
71 9 43
71 11 8
71 13 93
71 15 41
71 21 74
71 24 40
71 26 55
71 29 46
71 34 24
71 35 89
71 36 49
71 37 58
71 38 55
71 41 96
71 44 59
71 46 7
71 49 94
71 50 42
71 55 59
71 56 36
71 57 77
71 61 10
71 63 100
71 64 57
71 66 77
71 70 66
71 74 74
71 76 98
71 80 76
71 83 23
71 86 98
71 89 32
71 90 93
71 93 7
71 95 26
71 99 28
72 1 84
72 6 39
72 7 15
72 9 74
72 11 15
72 21 98
72 23 58
72 24 26
72 32 47
72 33 29
72 34 56
72 39 9
72 40 38
72 41 12
72 42 8
72 43 22
72 44 37
72 45 78
72 48 27
72 50 75
72 51 94
72 53 90
72 54 61
72 57 52
72 58 93
72 59 91
72 60 23
72 61 33
72 62 21
72 63 100
72 67 32
72 68 32
72 69 12
72 71 80
72 73 99
72 75 35
72 78 98
72 79 91
72 82 84
72 83 27
72 85 100
72 87 7
72 89 21
72 94 12
72 95 62
72 98 65
72 99 41
73 0 14
73 2 34
73 7 55
73 8 62
73 9 66
73 12 28
73 13 78
73 14 85
73 15 66
73 17 76
73 18 58
73 22 78
73 24 34
73 27 85
73 28 33
73 29 11
73 30 19
73 31 67
73 33 100
73 34 21
73 38 99
73 39 85
73 41 39
73 42 52
73 44 89
73 46 88
73 50 45
73 56 95
73 57 47
73 63 69
73 64 34
73 67 86
73 68 16
73 79 81
73 80 4
73 81 94
73 83 54
73 85 51
73 88 53
73 90 6
73 97 44
74 3 80
74 4 55
74 8 85
74 11 40
74 12 11
74 13 99
74 19 36
74 21 62
74 25 12
74 27 94
74 29 29
74 30 32
74 32 20
74 34 2
74 36 21
74 37 35
74 39 32
74 40 49
74 42 47
74 44 66
74 46 65
74 50 39
74 53 6
74 54 73
74 55 99
74 56 85
74 58 90
74 60 50
74 61 89
74 62 32
74 64 64
74 65 7
74 66 47
74 69 54
74 72 30
74 73 48
74 76 49
74 77 44
74 82 18
74 90 45
74 93 73
74 97 20
74 98 40
75 0 28
75 1 62
75 2 36
75 3 17
75 4 69
75 5 15
75 6 40
75 7 27
75 10 91
75 11 54
75 16 12
75 17 4
75 26 81
75 27 17
75 31 27
75 32 4
75 37 41
75 39 4
75 40 89
75 43 11
75 46 58
75 49 69
75 52 17
75 54 20
75 61 63
75 65 68
75 68 13
75 69 73
75 71 47
75 73 29
75 74 10
75 76 8
75 77 93
75 78 48
75 79 98
75 84 22
75 85 92
75 86 16
75 89 12
75 98 98
76 0 67
76 1 77
76 2 95
76 3 35
76 5 89
76 6 79
76 7 69
76 9 23
76 13 24
76 15 45
76 17 100
76 19 39
76 23 29
76 24 27
76 27 55
76 29 9
76 31 99
76 36 71
76 41 35
76 42 47
76 44 94
76 47 94
76 48 99
76 49 81
76 50 9
76 52 6
76 56 4
76 57 9
76 61 74
76 62 65
76 63 25
76 68 20
76 70 17
76 73 46
76 85 15
76 86 97
76 87 4
76 92 35
76 93 88
76 94 76
76 95 28
76 96 3
76 97 69
76 99 30
77 0 6
77 3 29
77 4 20
77 7 97
77 8 50
77 10 52
77 11 50
77 12 37
77 20 65
77 21 90
77 23 12
77 24 7
77 27 28
77 29 86
77 31 50
77 33 81
77 36 26
77 37 51
77 39 37
77 41 71
77 42 40
77 43 57
77 48 4
77 50 63
77 54 100
77 55 63
77 56 24
77 59 61
77 60 24
77 61 70
77 62 7
77 64 72
77 66 67
77 68 5
77 70 64
77 71 73
77 72 63
77 76 83
77 78 46
77 93 77
77 95 78
77 96 29
77 97 78
77 98 67
78 1 85
78 2 89
78 3 75
78 6 47
78 7 65
78 9 25
78 13 45
78 15 99
78 17 76
78 20 17
78 22 51
78 23 1
78 25 89
78 26 95
78 27 81
78 36 48
78 37 77
78 38 89
78 39 96
78 43 45
78 44 5
78 46 91
78 50 94
78 53 78
78 56 95
78 57 8
78 60 34
78 63 27
78 65 36
78 66 100
78 67 22
78 68 46
78 73 73
78 76 76
78 79 18
78 80 64
78 81 60
78 82 15
78 84 40
78 85 59
78 93 3
78 97 74
78 99 21
79 0 56
79 2 41
79 3 50
79 4 4
79 5 2
79 6 29
79 10 40
79 11 37
79 12 29
79 13 59
79 14 17
79 16 94
79 19 81
79 20 27
79 25 94
79 26 79
79 28 44
79 29 58
79 31 15
79 32 26
79 33 38
79 36 92
79 43 29
79 45 61
79 46 100
79 48 78
79 49 97
79 50 18
79 55 90
79 59 92
79 65 14
79 66 44
79 67 24
79 70 71
79 71 96
79 76 20
79 81 97
79 83 16
79 84 4
79 88 88
79 93 48
79 96 77
79 97 6
79 99 10
80 0 66
80 4 65
80 6 31
80 13 88
80 17 4
80 18 80
80 19 58
80 23 46
80 24 3
80 25 46
80 28 36
80 33 57
80 34 79
80 36 11
80 38 24
80 44 89
80 45 47
80 46 14
80 47 37
80 48 13
80 50 29
80 52 39
80 53 35
80 54 75
80 58 30
80 60 43
80 61 20
80 65 48
80 68 12
80 69 2
80 70 2
80 72 57
80 74 45
80 75 2
80 76 3
80 77 56
80 81 88
80 82 48
80 83 64
80 85 47
80 90 64
80 91 27
80 96 10
80 99 85
81 2 17
81 3 14
81 4 10
81 6 6
81 13 10
81 15 4
81 20 25
81 21 34
81 24 62
81 25 97
81 27 57
81 31 6
81 32 47
81 34 37
81 36 50
81 38 80
81 39 59
81 42 16
81 43 77
81 44 20
81 45 6
81 54 50
81 55 26
81 57 36
81 59 56
81 63 55
81 69 9
81 71 21
81 72 70
81 75 56
81 76 23
81 82 97
81 83 21
81 86 73
81 90 53
81 96 69
81 97 33
81 98 76
82 2 41
82 6 12
82 10 100
82 14 64
82 17 19
82 22 100
82 24 38
82 29 61
82 31 63
82 32 44
82 35 18
82 38 14
82 44 16
82 47 81
82 48 91
82 51 88
82 57 78
82 61 29
82 62 8
82 68 39
82 73 27
82 76 95
82 77 57
82 79 89
82 83 19
82 86 28
82 87 29
82 88 13
82 91 13
82 96 36
82 99 77
83 2 90
83 4 55
83 6 90
83 7 68
83 8 85
83 11 15
83 12 72
83 13 15
83 15 57
83 17 55
83 20 51
83 23 17
83 27 34
83 28 99
83 30 27
83 31 28
83 33 75
83 35 38
83 39 27
83 45 69
83 47 69
83 48 23
83 50 62
83 51 66
83 53 10
83 54 77
83 56 23
83 59 69
83 60 5
83 61 63
83 66 66
83 67 26
83 74 30
83 76 21
83 77 63
83 78 27
83 84 86
83 90 90
83 92 41
83 97 49
84 1 82
84 3 49
84 4 5
84 9 71
84 10 47
84 12 29
84 18 86
84 20 95
84 25 77
84 29 49
84 32 44
84 33 92
84 40 37
84 43 93
84 46 15
84 47 68
84 49 2
84 50 86
84 51 50
84 60 30
84 64 64
84 65 22
84 71 12
84 72 84
84 73 79
84 74 70
84 80 31
84 81 31
84 82 32
84 85 100
84 87 10
84 92 18
84 93 81
84 94 43
84 95 8
84 96 46
84 97 31
84 99 60
85 4 39
85 7 42
85 13 73
85 14 100
85 17 69
85 18 91
85 23 7
85 29 17
85 30 34
85 35 31
85 36 92
85 38 56
85 40 93
85 41 45
85 43 53
85 44 100
85 46 38
85 48 23
85 49 78
85 50 41
85 51 20
85 53 95
85 54 20
85 57 78
85 59 62
85 61 62
85 62 62
85 64 48
85 68 17
85 70 77
85 71 5
85 74 83
85 77 6
85 79 70
85 82 96
85 83 40
85 87 2
85 88 15
85 90 78
85 94 53
85 96 6
86 0 34
86 3 93
86 4 76
86 7 26
86 11 38
86 13 18
86 15 76
86 16 77
86 17 59
86 19 50
86 20 19
86 21 56
86 26 8
86 27 67
86 29 39
86 30 59
86 33 34
86 35 29
86 39 97
86 40 72
86 41 87
86 42 93
86 45 96
86 46 2
86 47 49
86 48 99
86 56 24
86 60 15
86 61 40
86 65 1
86 66 34
86 72 19
86 73 64
86 78 79
86 80 72
86 83 41
86 85 30
86 88 67
86 89 78
86 90 97
86 91 41
86 93 70
86 94 94
86 95 13
86 98 15
86 99 61
87 3 68
87 5 21
87 8 27
87 9 27
87 12 93
87 14 13
87 18 89
87 22 45
87 23 75
87 24 49
87 25 69
87 27 89
87 30 61
87 31 55
87 34 9
87 43 50
87 44 87
87 45 78
87 48 56
87 50 59
87 52 82
87 57 95
87 59 19
87 60 70
87 64 13
87 65 2
87 66 56
87 67 33
87 69 78
87 73 67
87 77 43
87 78 62
87 81 61
87 86 40
87 90 14
87 91 93
87 92 80
87 95 68
87 98 37
88 2 10
88 6 92
88 10 3
88 15 97
88 17 45
88 22 68
88 24 8
88 25 25
88 28 51
88 29 19
88 30 26
88 32 100
88 33 20
88 35 97
88 36 42
88 40 4
88 44 31
88 46 84
88 49 9
88 50 95
88 51 38
88 54 52
88 57 58
88 58 6
88 60 76
88 62 9
88 65 39
88 67 10
88 69 37
88 70 57
88 71 47
88 72 48
88 75 28
88 80 76
88 81 27
88 83 72
88 84 83
88 87 90
88 89 29
88 90 42
88 91 78
88 93 42
88 94 5
88 97 32
89 2 21
89 6 48
89 7 87
89 9 29
89 10 54
89 14 74
89 17 75
89 20 60
89 23 58
89 26 3
89 27 58
89 28 57
89 30 77
89 32 90
89 37 67
89 41 17
89 44 70
89 45 25
89 46 19
89 47 85
89 48 79
89 49 10
89 53 72
89 54 24
89 57 35
89 60 86
89 62 63
89 64 39
89 67 63
89 68 87
89 74 42
89 76 84
89 77 10
89 78 11
89 79 87
89 80 69
89 81 7
89 82 78
89 87 55
89 90 53
89 95 4
89 98 58
90 8 27
90 10 28
90 19 65
90 20 50
90 21 69
90 22 57
90 24 22
90 27 24
90 29 41
90 33 60
90 36 31
90 39 34
90 40 44
90 43 33
90 44 26
90 45 21
90 46 35
90 47 18
90 48 10
90 50 52
90 52 97
90 54 36
90 56 66
90 57 45
90 59 12
90 62 14
90 67 76
90 76 67
90 77 64
90 79 58
90 82 66
90 84 11
90 91 35
90 93 13
90 94 86
90 96 67
91 1 92
91 2 80
91 3 10
91 5 3
91 6 80
91 7 28
91 8 34
91 9 57
91 10 78
91 13 15
91 17 14
91 20 92
91 24 26
91 28 23
91 36 10
91 37 70
91 42 1
91 43 54
91 49 54
91 50 18
91 52 23
91 53 15
91 56 61
91 57 65
91 58 7
91 59 47
91 61 56
91 63 64
91 64 52
91 72 50
91 74 85
91 75 68
91 76 48
91 78 14
91 79 45
91 83 44
91 85 82
91 89 86
91 93 68
91 94 58
91 98 40
92 3 40
92 8 26
92 9 74
92 10 17
92 21 55
92 22 64
92 23 22
92 25 46
92 27 20
92 28 83
92 29 60
92 32 2
92 39 45
92 42 3
92 44 40
92 46 20
92 48 69
92 49 12
92 50 73
92 52 52
92 54 43
92 61 10
92 62 42
92 63 50
92 67 11
92 68 68
92 71 11
92 72 11
92 74 39
92 75 20
92 77 84
92 78 49
92 80 61
92 81 14
92 82 79
92 85 46
92 88 16
92 91 38
92 98 46
92 99 38
93 4 55
93 6 44
93 7 88
93 12 49
93 13 49
93 14 96
93 19 69
93 20 31
93 22 6
93 26 54
93 27 63
93 29 64
93 31 38
93 34 53
93 39 16
93 50 92
93 51 73
93 52 95
93 53 45
93 58 79
93 61 73
93 65 20
93 67 50
93 72 9
93 73 75
93 75 50
93 80 44
93 82 83
93 87 6
93 94 81
93 95 88
93 96 92
93 97 26
94 2 6
94 3 79
94 6 48
94 8 79
94 10 44
94 13 18
94 14 59
94 15 48
94 16 51
94 17 5
94 22 37
94 24 88
94 25 72
94 37 36
94 44 59
94 45 69
94 47 65
94 48 26
94 49 43
94 52 13
94 54 32
94 57 73
94 58 75
94 61 62
94 62 17
94 63 58
94 65 85
94 66 5
94 69 66
94 71 36
94 74 88
94 75 91
94 81 59
94 82 56
94 83 47
94 87 47
94 95 99
94 96 33
94 99 67
95 0 78
95 1 60
95 5 18
95 9 14
95 11 76
95 12 51
95 14 100
95 15 20
95 20 42
95 26 10
95 29 31
95 31 98
95 33 66
95 34 11
95 36 51
95 39 21
95 42 11
95 47 54
95 53 55
95 54 8
95 55 11
95 57 93
95 58 87
95 63 85
95 64 1
95 65 40
95 68 8
95 69 38
95 73 15
95 74 12
95 75 2
95 78 91
95 79 66
95 80 42
95 81 51
95 83 53
95 85 72
95 91 99
95 97 43
95 99 50
96 2 8
96 3 70
96 6 67
96 7 8
96 14 91
96 17 24
96 26 18
96 29 13
96 30 61
96 31 86
96 36 16
96 37 67
96 39 10
96 43 63
96 50 67
96 56 57
96 66 54
96 67 3
96 72 42
96 73 78
96 74 45
96 78 63
96 83 90
96 86 19
96 87 63
96 89 100
96 91 83
96 99 49
97 1 99
97 6 28
97 7 64
97 8 15
97 9 30
97 11 80
97 13 8
97 17 9
97 21 41
97 30 25
97 40 83
97 41 4
97 42 70
97 44 29
97 48 47
97 49 85
97 54 6
97 55 57
97 57 86
97 58 97
97 61 40
97 65 89
97 66 4
97 67 4
97 71 20
97 75 92
97 80 18
97 82 35
97 85 96
97 87 34
97 90 30
97 91 40
97 94 34
98 2 98
98 8 20
98 9 62
98 10 75
98 13 15
98 16 53
98 21 49
98 25 93
98 27 42
98 30 53
98 36 49
98 40 45
98 46 45
98 47 56
98 48 4
98 49 80
98 56 79
98 65 65
98 67 74
98 70 23
98 71 81
98 76 33
98 78 32
98 79 10
98 82 45
98 83 26
98 85 89
98 88 23
98 90 20
98 93 18
98 94 45
98 95 9
98 97 92
99 1 25
99 3 69
99 5 76
99 6 39
99 9 81
99 15 3
99 19 62
99 23 59
99 24 87
99 25 88
99 27 70
99 29 44
99 30 85
99 31 7
99 33 59
99 39 46
99 40 32
99 41 40
99 45 65
99 49 25
99 52 69
99 54 8
99 55 57
99 56 95
99 57 23
99 59 85
99 60 49
99 64 96
99 65 49
99 66 80
99 67 14
99 68 21
99 69 11
99 73 23
99 74 26
99 75 66
99 81 59
99 83 77
99 87 29
99 88 26
99 93 97
99 97 2
99 98 42
